v2.0 raw
0 0 1 30000 0 4000 180 2000
a80 2000 0 4048003 30000 10000003 30000 8000003
30000 8000 20000003 30000 3800000 800000 1800000 0
1800000 0 800000 0 80000000 200000 2001c8 2000
2c8 2000 0 48 1080 400000 48 1080
400000 5 30000 200000 2003c8 2000 4c8 2000
800000 400048 1080 400048 1080 0 2800000 400048
1080 400048 1080 0 1f8000 7 30000 0
4000 0 198 1b8 2000 a80 2000 1
30000 0 400048 1080 400048 1080 400048 5080
400048 1080 400048 5080 400048 1080 400048 5080
400048 1080 0 4000 400048 1080 400048 1080
0 5
